"timestamp","RelogoRun","remainingHumans","remainingZombies"
0.0,0,0,0
1.0,1,50,5
2.0,1,50,5
3.0,1,50,5
4.0,1,50,5
5.0,1,50,5
6.0,1,50,5
7.0,1,50,5
8.0,1,50,5
9.0,1,50,5
10.0,1,50,5
11.0,1,50,5
12.0,1,50,5
13.0,1,50,5
14.0,1,50,5
15.0,1,50,5
16.0,1,50,5
17.0,1,50,5
18.0,1,48,7
19.0,1,47,8
20.0,1,45,10
21.0,1,45,10
22.0,1,45,10
23.0,1,44,11
24.0,1,43,12
25.0,1,43,12
26.0,1,43,12
27.0,1,43,12
28.0,1,42,13
29.0,1,42,13
30.0,1,42,13
31.0,1,42,13
32.0,1,42,13
33.0,1,42,13
34.0,1,41,14
35.0,1,41,14
36.0,1,39,16
37.0,1,38,17
38.0,1,38,17
39.0,1,37,18
40.0,1,37,18
41.0,1,37,18
42.0,1,35,20
43.0,1,35,20
44.0,1,35,20
45.0,1,35,20
46.0,1,34,21
47.0,1,34,21
48.0,1,33,22
49.0,1,32,23
50.0,1,32,23
51.0,1,32,23
52.0,1,32,23
53.0,1,30,25
54.0,1,30,25
55.0,1,29,26
56.0,1,29,26
57.0,1,28,27
58.0,1,28,27
59.0,1,28,27
60.0,1,28,27
61.0,1,26,29
62.0,1,25,30
63.0,1,25,30
64.0,1,25,30
65.0,1,25,30
66.0,1,24,31
67.0,1,24,31
68.0,1,23,32
69.0,1,23,32
70.0,1,21,34
71.0,1,20,35
72.0,1,19,36
73.0,1,19,36
74.0,1,18,37
75.0,1,17,38
76.0,1,17,38
77.0,1,17,38
78.0,1,17,38
79.0,1,17,38
80.0,1,17,38
81.0,1,16,39
82.0,1,15,40
83.0,1,14,41
84.0,1,13,42
85.0,1,11,44
86.0,1,10,45
87.0,1,10,45
88.0,1,10,45
89.0,1,10,45
90.0,1,10,45
91.0,1,9,46
92.0,1,9,46
93.0,1,9,46
94.0,1,9,46
95.0,1,9,46
96.0,1,9,46
97.0,1,9,46
98.0,1,9,46
99.0,1,9,46
100.0,1,9,46
101.0,1,8,47
102.0,1,7,48
103.0,1,7,48
104.0,1,7,48
105.0,1,7,48
106.0,1,7,48
107.0,1,7,48
108.0,1,7,48
109.0,1,7,48
110.0,1,7,48
111.0,1,7,48
112.0,1,7,48
113.0,1,7,48
114.0,1,7,48
115.0,1,7,48
116.0,1,6,49
117.0,1,5,50
118.0,1,5,50
119.0,1,4,51
120.0,1,4,51
121.0,1,4,51
122.0,1,3,52
123.0,1,3,52
124.0,1,3,52
125.0,1,3,52
126.0,1,3,52
127.0,1,3,52
128.0,1,3,52
129.0,1,3,52
130.0,1,3,52
131.0,1,3,52
132.0,1,3,52
133.0,1,3,52
134.0,1,3,52
135.0,1,3,52
136.0,1,3,52
137.0,1,3,52
138.0,1,3,52
139.0,1,1,54
140.0,1,1,54
141.0,1,1,54
142.0,1,1,54
143.0,1,1,54
144.0,1,1,54
145.0,1,1,54
146.0,1,1,54
147.0,1,1,54
148.0,1,1,54
149.0,1,1,54
150.0,1,1,54
151.0,1,0,55
152.0,1,0,55
153.0,1,0,55
154.0,1,0,55
155.0,1,0,55
156.0,1,0,55
157.0,1,0,55
158.0,1,0,55
159.0,1,0,55
160.0,1,0,55
161.0,1,0,55
162.0,1,0,55
163.0,1,0,55
164.0,1,0,55
165.0,1,0,55
166.0,1,0,55
167.0,1,0,55
168.0,1,0,55
169.0,1,0,55
170.0,1,0,55
171.0,1,0,55
172.0,1,0,55
173.0,1,0,55
174.0,1,0,55
175.0,1,0,55
176.0,1,0,55
177.0,1,0,55
178.0,1,0,55
179.0,1,0,55
180.0,1,0,55
181.0,1,0,55
182.0,1,0,55
183.0,1,0,55
184.0,1,0,55
185.0,1,0,55
186.0,1,0,55
187.0,1,0,55
188.0,1,0,55
189.0,1,0,55
190.0,1,0,55
191.0,1,0,55
192.0,1,0,55
193.0,1,0,55
194.0,1,0,55
195.0,1,0,55
196.0,1,0,55
197.0,1,0,55
198.0,1,0,55
199.0,1,0,55
200.0,1,0,55
201.0,1,0,55
202.0,1,0,55
203.0,1,0,55
204.0,1,0,55
205.0,1,0,55
206.0,1,0,55
207.0,1,0,55
208.0,1,0,55
209.0,1,0,55
210.0,1,0,55
211.0,1,0,55
212.0,1,0,55
213.0,1,0,55
214.0,1,0,55
215.0,1,0,55
216.0,1,0,55
217.0,1,0,55
218.0,1,0,55
219.0,1,0,55
220.0,1,0,55
221.0,1,0,55
222.0,1,0,55
223.0,1,0,55
224.0,1,0,55
225.0,1,0,55
226.0,1,0,55
227.0,1,0,55
228.0,1,0,55
229.0,1,0,55
230.0,1,0,55
231.0,1,0,55
232.0,1,0,55
233.0,1,0,55
234.0,1,0,55
235.0,1,0,55
236.0,1,0,55
237.0,1,0,55
238.0,1,0,55
239.0,1,0,55
240.0,1,0,55
241.0,1,0,55
242.0,1,0,55
243.0,1,0,55
244.0,1,0,55
245.0,1,0,55
246.0,1,0,55
247.0,1,0,55
248.0,1,0,55
249.0,1,0,55
250.0,1,0,55
251.0,1,0,55
252.0,1,0,55
253.0,1,0,55
254.0,1,0,55
255.0,1,0,55
256.0,1,0,55
257.0,1,0,55
258.0,1,0,55
259.0,1,0,55
260.0,1,0,55
261.0,1,0,55
262.0,1,0,55
263.0,1,0,55
264.0,1,0,55
265.0,1,0,55
266.0,1,0,55
267.0,1,0,55
268.0,1,0,55
269.0,1,0,55
270.0,1,0,55
271.0,1,0,55
272.0,1,0,55
273.0,1,0,55
274.0,1,0,55
275.0,1,0,55
276.0,1,0,55
277.0,1,0,55
278.0,1,0,55
279.0,1,0,55
280.0,1,0,55
281.0,1,0,55
282.0,1,0,55
283.0,1,0,55
284.0,1,0,55
285.0,1,0,55
286.0,1,0,55
287.0,1,0,55
288.0,1,0,55
289.0,1,0,55
290.0,1,0,55
291.0,1,0,55
292.0,1,0,55
293.0,1,0,55
294.0,1,0,55
295.0,1,0,55
296.0,1,0,55
297.0,1,0,55
298.0,1,0,55
299.0,1,0,55
300.0,1,0,55
301.0,1,0,55
302.0,1,0,55
303.0,1,0,55
304.0,1,0,55
305.0,1,0,55
306.0,1,0,55
307.0,1,0,55
308.0,1,0,55
309.0,1,0,55
310.0,1,0,55
311.0,1,0,55
312.0,1,0,55
313.0,1,0,55
314.0,1,0,55
315.0,1,0,55
316.0,1,0,55
317.0,1,0,55
318.0,1,0,55
319.0,1,0,55
320.0,1,0,55
321.0,1,0,55
322.0,1,0,55
323.0,1,0,55
324.0,1,0,55
325.0,1,0,55
326.0,1,0,55
327.0,1,0,55
328.0,1,0,55
329.0,1,0,55
330.0,1,0,55
331.0,1,0,55
332.0,1,0,55
333.0,1,0,55
334.0,1,0,55
335.0,1,0,55
336.0,1,0,55
337.0,1,0,55
338.0,1,0,55
339.0,1,0,55
340.0,1,0,55
341.0,1,0,55
342.0,1,0,55
343.0,1,0,55
344.0,1,0,55
345.0,1,0,55
346.0,1,0,55
347.0,1,0,55
348.0,1,0,55
349.0,1,0,55
350.0,1,0,55
351.0,1,0,55
352.0,1,0,55
353.0,1,0,55
354.0,1,0,55
355.0,1,0,55
356.0,1,0,55
357.0,1,0,55
358.0,1,0,55
359.0,1,0,55
360.0,1,0,55
361.0,1,0,55
362.0,1,0,55
363.0,1,0,55
364.0,1,0,55
365.0,1,0,55
366.0,1,0,55
367.0,1,0,55
368.0,1,0,55
369.0,1,0,55
370.0,1,0,55
371.0,1,0,55
372.0,1,0,55
373.0,1,0,55
374.0,1,0,55
375.0,1,0,55
376.0,1,0,55
377.0,1,0,55
378.0,1,0,55
379.0,1,0,55
380.0,1,0,55
381.0,1,0,55
382.0,1,0,55
383.0,1,0,55
384.0,1,0,55
385.0,1,0,55
386.0,1,0,55
387.0,1,0,55
388.0,1,0,55
389.0,1,0,55
390.0,1,0,55
391.0,1,0,55
392.0,1,0,55
393.0,1,0,55
394.0,1,0,55
395.0,1,0,55
396.0,1,0,55
397.0,1,0,55
398.0,1,0,55
399.0,1,0,55
400.0,1,0,55
401.0,1,0,55
402.0,1,0,55
403.0,1,0,55
404.0,1,0,55
405.0,1,0,55
406.0,1,0,55
407.0,1,0,55
408.0,1,0,55
409.0,1,0,55
410.0,1,0,55
411.0,1,0,55
412.0,1,0,55
413.0,1,0,55
414.0,1,0,55
415.0,1,0,55
416.0,1,0,55
417.0,1,0,55
418.0,1,0,55
419.0,1,0,55
420.0,1,0,55
421.0,1,0,55
422.0,1,0,55
423.0,1,0,55
424.0,1,0,55
425.0,1,0,55
426.0,1,0,55
427.0,1,0,55
428.0,1,0,55
429.0,1,0,55
430.0,1,0,55
431.0,1,0,55
432.0,1,0,55
433.0,1,0,55
434.0,1,0,55
435.0,1,0,55
436.0,1,0,55
437.0,1,0,55
438.0,1,0,55
439.0,1,0,55
440.0,1,0,55
441.0,1,0,55
442.0,1,0,55
